0.000000000000000000e+00
1.087400134369112784e+05
0.000000000000000000e+00
2.925277949882416215e+04
0.000000000000000000e+00
0.000000000000000000e+00
1.194959785424915608e+06
0.000000000000000000e+00
0.000000000000000000e+00
0.000000000000000000e+00
1.010554212418340467e+05
1.267017620376886189e+05
7.429433964908683265e+04
4.813409756869860576e+04
0.000000000000000000e+00
1.726424741817222093e+04
6.121383752228067169e+04
0.000000000000000000e+00
1.666683726742885774e+06
0.000000000000000000e+00
7.890923289895390160e+06
0.000000000000000000e+00
2.617510096555825148e+05
0.000000000000000000e+00
0.000000000000000000e+00
1.012565687663477001e+05
0.000000000000000000e+00
0.000000000000000000e+00
1.693638847742163634e+05
1.043714158617733301e+04
0.000000000000000000e+00
1.272607725449212157e+05
0.000000000000000000e+00
0.000000000000000000e+00
0.000000000000000000e+00
1.503314688429128910e+04
0.000000000000000000e+00
9.526160611277254065e+04
0.000000000000000000e+00
0.000000000000000000e+00
0.000000000000000000e+00
0.000000000000000000e+00
2.434267303414411726e+05
7.318485193742318188e+03
