3.994544138390596633e-01
4.630560241863586057e+00
1.208296734673679484e+00
7.259957908952947570e+00
5.668251021769453502e+00
1.645715075764794033e+00
1.642850446820426358e-01
9.143502159482181924e+00
5.783654411495161796e+00
1.126415819009808139e+00
1.155841021505189303e+00
8.790562838630218145e-01
1.033319563716251333e+00
1.006327689325931196e+00
2.996894350163141318e+00
9.580394404516729967e-01
9.399310934530894501e-01
3.515368110078630481e-01
3.218414753746953738e-01
6.486784228145287656e+00
4.280713967602957637e-01
5.939473074067216363e-01
1.025609422460725284e+00
7.541442764272958676e+00
5.503124684805760225e-01
6.262185185356561323e-01
1.255542631930301800e+00
5.114761625956420588e+00
1.083067718627343190e+00
1.290606450509315106e+00
7.414295150983202243e-01
1.183200137784864658e+00
4.030813126831671589e+00
5.687624932067396610e-01
1.532108915489434064e+00
8.590188995278055240e-01
2.664432675922689064e+00
4.642922170366697188e+00
1.793204654125818198e+00
1.025192086120449630e+01
5.868457646776512604e-01
9.843883436303895174e-01
5.709789288649034233e+00
4.907564975940564622e+00
